kroA100 EUC_2D 22027
3520,1079   3113,885   2991,792   2863,558   2936,337   3022,474   3479,821   3756,882   3822,899   3854,923   3888,666   3875,598   3913,192   3893,102   3815,169   3640,43   3416,143   2848,96   2519,135   2542,236   2588,302   2573,599   2599,901   2574,946   2421,1007   2097,981   1917,687   1795,962   1787,1009   1393,1368   1380,939   1187,706   1286,525   1323,280   1429,134   1256,61   1178,100   
953,268   776,392   457,334   327,265   178,24   241,341   19,674   53,857   22,987   123,862   161,906   376,825   611,673   839,620   1115,1052   984,965   938,955   742,1025   738,1325   611,1384   378,1048   252,1240   274,1420   298,1513   198,1810   463,1670   872,1559   928,1700   929,1766   890,1846   1234,1946   1247,1945   1251,1832   1424,1728   1621,1830   1625,1651   1724,1642   1807,1711   2178,1619   2139,1806   2290,1810   2573,1969   2597,1830   2678,1825   2728,1698   2576,1676   2628,1479   2482,1183   2586,1286   2716,1432   2721,1482   2945,1622   2961,1605   3085,1528   3384,1498   3373,1646   3447,1830   3510,1671   3683,1533   3911,1673   3955,1743   3950,1558   3874,1318

kroB100 EUC_2D 23060
962,1895   1182,1853   1697,1924   1526,1612   1729,1498   1794,1589   2132,1432   2191,1579   2408,1747   2426,1851   2741,1583   2937,1568   3114,1629   3245,1828   3317,1966   3453,1998   3611,1968   3782,1865   3834,1827   3515,1892   3507,1851   3417,1808   3220,1454   3140,1401   3058,1276   3133,1143   3370,791   3438,901   3675,1522   3858,1472   3904,1444   3876,1165   3918,1088   3896,742   3938,516   3829,513   3684,445   3821,147   3595,111   3292,152   3017,108   3060,155   3123,217   3162,367   2929,485   2938,543   3084,748   3084,774   2800,653   2801,695   2830,775   2698,1221   2639,1239   2642,1269   2489,1520   2312,1270   2030,1186   2009,1163   2000,1110   1782,995   1829,812   2330,741   2310,635   2503,352   2614,195   2630,20   2372,127   1612,328   1538,224   1517,266   1286,550 
  1213,910   1490,1123   1423,1322   1090,1652   782,1462   839,1355   627,1261   556,1056   749,920   896,705   844,520   694,552   422,542   380,478   468,319   347,252   387,190   61,81   171,514   298,615   399,850   376,1018   193,1210   71,1323   177,1390   3,1817   563,1513   731,1741   706,1925

kroC100 EUC_2D 21440
99,536   242,584   219,898   192,1004   86,1065   234,1118   482,1337   457,1607   323,1714   185,1542   138,1610   22,1617   43,1957   554,1825   705,1812   901,1552   1183,1391   1362,1526   1327,1893  
 1357,1905   1533,1780   1660,1556   1838,1732   2048,1628   2082,1753   2318,1925   2312,1949   2552,1909   2469,1838   2365,1649   2513,1572   2433,1538   2232,1374   2178,978   2302,1127   2687,1353   
2773,1286   2933,1459   3078,1541   3092,1668   3314,1881   3409,1917   3499,1885   3586,1909   3853,1712   3736,1542   3808,1375   3729,1188   3635,1174   3704,1082   3835,963   3939,640   3806,746   3646,1018   3394,1028   3213,1085   3174,1064   3278,799   3564,676   3297,491   3249,378   3124,408   3099,173   2990,214   2576,189   2781,478   2636,727   2650,802   2499,658   2361,640   2221,291   2049,417   1868,197   1779,90   1774,107   1410,307   1544,863   1307,964   1027,1041   826,1226   737,1285   693,1383   396,828   779,777   868,731   781,671   834,629   1097,643   1000,457   1031,428   1058,372   960,303   913,317   812,351   805,272   721,186   213,220   29,6   14,454   40,462

kroD100 EUC_2D 22115
3786,1862   3805,1619   3918,1217   3868,697   3935,540   3946,459   3766,154   3538,125   3503,301   3600,459   3599,514   3452,637   3642,699   3535,1112   3332,1049   2982,949   2740,1101   2901,920   3023,871   3060,781   2944,632   2993,624   3062,329   2995,264   2656,128   2581,121   2592,248   2658,360   2597,349   2347,388   2334,523   1962,389   1828,456   1766,678   2067,694   2223,990   1725,927   1819,814   1766,692   1604,706   1529,581   1541,354   1346,408   1272,246   1203,385   1017,333   931,512   781,670   634,294   547,25   387,199   264,36   278,165   202,233   47,363   460,267   366,339   240,619   235,1059   241,1069   401,980   555,1121   464,1302   80,1533   149,1629   386,1616   555,1753   394,1944   571,1982   1082,1561   811,1295   778,1282   1109,1196   1264,1090   1009,1001   1021,962   997,942   981,848   1179,969   1393,859   1677,1238   1699,1294   1768,1578   1623,1723   1632,1742   1646,1817   1787,1902   1994,1852   2028,1736   2050,1833   2214,1977   2374,1944   2221,1578   2356,1568   2834,1512   3007,1524   2927,1777   3220,1945   3248,1906   3373,1902

kroE100 EUC_2D 23283
374,9   217,38   48,154   48,267   96,691   201,693   382,872   538,1023   397,1217   285,1029   78,1066   144,1185   106,1267   53,1657   91,1732   198,1632   571,1711   618,1953   739,1850   989,1997   
920,1835   678,1599   958,1670   1513,1646   1034,1344   1086,868   1419,872   1398,1100   1689,1223   2081,1011   1937,1400   2053,1461   2143,1611   2164,1874   2445,1820   2243,1332   2503,1172   2502,1274   2609,1286   2643,1320   2790,1457   2835,1472   2849,1214   3029,1242   3061,1211   3423,1241   3404,1307   3468,1404   3364,1498   3239,1376   3098,1594   2916,1724   3083,1938   3104,1931   3105,1823   3359,1693   3326,1846   3548,1999   3646,1758   3551,1673   3702,1624   3796,1401   3825,1101   3803,886   3502,1067   3430,1088   3479,1023   3477,949   3393,782   3613,523   3972,329   3941,258  
 3527,41   3431,78   3232,324   3230,380   3019,189   3035,152   3048,1   2977,39   2823,376   2779,435   2753,283   2502,146   2186,766   1806,733   1741,712   1668,658   1754,559   1878,59   1782,93   1628,253   1280,237   1067,371   878,715   765,833   876,220   923,108   741,146   640,110

lin105 EUC_2D 14809
142,370   276,630   283,732   205,1213   173,1276   480,1276   512,1213   890,1276   921,1213   1197,1276   1228,1213   1811,1276   1843,1213   2118,1276   2150,1213   2528,1276   2559,1213   2835,1276   
2866,1213   3016,1276   2945,732   2937,630   3087,69   3055,69   2937,69   2906,69   2787,69   2756,69   2803,370   2496,370   2402,220   2480,142   2402,157   2362,142   2331,142   2244,142   2220,189  
 2189,205   2087,370   2276,315   2315,315   2346,315   2276,496   2315,496   2346,496   2630,630   2638,732   2346,654   2315,654   2276,654   2220,630   2228,732   1921,732   1913,630   1780,370   1732,189   1614,291   1551,291   1488,291   1425,291   1362,291   1417,173   1276,205   1165,370   1362,496   1425,496   1488,496   1551,496   1614,496   1614,654   1551,654   1488,654   1425,654   1362,654   
1299,630   1307,732   1000,732   992,630   709,496   677,496   709,654   677,654   638,654   591,732   583,630   638,496   449,370   638,314   677,315   709,315   858,370   843,173   811,189   764,220   701,142   669,142   638,142   606,220   528,157   394,69   362,69   244,69   213,69   94,71   63,71

pr107 EUC_2D 44806
16425,10650   16225,10650   16025,10500   16425,10450   16425,9800   16425,9600   16225,9800   16025,9800   15825,9800   16025,9600   15825,8900   16025,8700   16025,8900   16225,8900   16425,8900   16425,8700   16425,8000   16425,7800   16225,8000   16025,8000   15825,8000   16025,7800   15825,7200   16025,7000   16025,7200   16225,7200   16425,7200   16425,7000   16425,6400   16425,6200   16225,6400   16025,6400   15825,6400   16025,6200   15825,5650   16025,5650   16025,5450   16225,5600   16425,5600   16425,5400   16425,4900   16425,4700   16225,4900   16025,4700   16025,4900   15825,4900   8775,4700 
  8375,4700   8175,4900   8375,4900   8575,4900   8775,4900   8775,5400   8775,5600   8575,5600   8375,5450   8375,5650   8175,5650   8375,6200   8175,6400   8375,6400   8575,6400   8775,6200   8775,6400 
  8775,7000   8775,7200   8575,7200   8375,7000   8375,7200   8175,7200   8375,7800   8175,8000   8375,8000   8575,8000   8775,7800   8775,8000   8775,8700   8775,8900   8575,8900   8375,8900   8375,8700 
  8175,8900   8375,9600   8175,9800   8375,9800   8575,9800   8775,9600   8775,9800   8775,10450   8775,10650   8575,10650   8375,10500   8375,10700   8175,10700   8375,11300   8175,11500   8375,11500   8575,11500   8775,11500   8775,11300   15825,10700   16025,10700   16025,11300   15825,11500   16025,11500   16225,11500   16425,11300

Arat99 EUC_2D 1236
4,72   7,81   15,78   17,95   26,98   32,97   25,102   13,111   5,109   2,124   17,134   23,129   36,131   42,137   42,158   38,155   25,153   16,147   2,146   13,162   5,177   25,169   35,177   46,172   
54,166   57,154   66,151   73,151   73,161   65,174   63,188   57,194   46,195   38,187   28,189   14,196   2,195   8,211   12,217   22,210   34,216   47,203   58,213   66,206   78,210   85,204   85,194  
 77,193   86,162   86,149   87,129   72,134   63,135   53,123   38,119   46,107   58,110   67,110   74,113   88,110   83,98   64,85   57,89   43,88   42,79   54,77   66,79   78,83   87,73   78,67   87,57 
  71,57   64,50   55,52   47,46   55,35   65,36   78,39   87,35   86,15   77,10   67,10   57,14   48,12   43,23   33,12   24,18   15,15   6,4   6,21   17,26   23,25   32,35   33,49   28,53   34,71   22,70   12,44   3,53

pr124 EUC_2D 59742
5425,2100   5425,1800   6000,2375   6375,2375   6925,1800   6925,2100   6925,2400   6925,2700   6925,3000   6925,3300   7700,3725   7850,3700   7700,4725   11125,5350   11725,4825   11025,4750   11000,4600   11000,3600   11650,3350   12850,2425   13585,1975   13585,2131   13585,2287   13585,2443   13585,2599   13585,2755   13585,2911   13585,3067   13585,3223   13585,3379 
  12825,3800   13100,4625   12500,5950   13325,6100   13585,9615   13585,9771   13585,9927   13585,10083   13585,10239   13585,10395   13585,10551   13585,10707   13585,10863   13585,11019   12963,11225   12807,11225   12651,11225   12495,11225   12339,11225   12183,11225   12027,11225   11871,11225   11715,11225   11559,11225   11403,11225   11247,11225   11091,11225   10935,11225   10779,11225   10623,11225   10467,11225   10311,11225   10155,11225   9999,11225   9843,11225   9687,11225   9531,11225   9375,11225   9475,10275   11175,9800   11275,9475   11275,9175   10650,9400   10375,9525   9275,10050   8350,9775   
8350,9025   7975,9075   7600,9025   6975,9750   6675,9750   6375,9750   6075,9750   5775,9750   5475,9750   5450,10475   4475,9719   4475,9407   4475,8969   4475,8657   4575,8425   5475,8650   5775,8650   6075,8650   6375,8650   6675,8650   6875,8650   8500,8225   8500,7475   8125,7525   7750,7475   6850,7275   6600,7275   6550,7625   6350,7275   6100,7275   6100,6675   6350,6675   6600,6675   6850,6675   7100,5425   7100,5275   7100,5075   7100,4875   7100,4675   6475,5475   6475,5275   6475,4875   6475,4675   6375,3375   6000,3375   5425,3300   5425,3000   5425,2400

